-2.109993326733999197e+01 2.745000000000000107e+00
-2.105993357771999541e+01 2.379999999999999893e+00
-2.101993388809999175e+01 2.229999999999999982e+00
-2.097993419847999519e+01 2.145000000000000018e+00
-2.093993450885999152e+01 2.104999999999999982e+00
-2.089993481923999497e+01 2.064999999999999947e+00
-2.085993512961999130e+01 2.020000000000000018e+00
-2.081993543999999474e+01 2.000000000000000000e+00
-2.077993575037999818e+01 1.985000000000000098e+00
-2.073993606075999452e+01 1.959999999999999964e+00
-2.069993637113999796e+01 1.949999999999999956e+00
-2.065993668151999429e+01 1.929999999999999938e+00
-2.061993699189999774e+01 1.919999999999999929e+00
-2.057993730227999407e+01 1.909999999999999920e+00
-2.053993761265999751e+01 1.895000000000000018e+00
-2.049993792303999385e+01 1.889999999999999902e+00
-2.045993823341999729e+01 1.885000000000000009e+00
-2.041993854379999362e+01 1.879999999999999893e+00
-2.037993885417999707e+01 1.870000000000000107e+00
-2.033993916455999340e+01 1.864999999999999991e+00
-2.029993947493999684e+01 1.860000000000000098e+00
-2.025993978531999318e+01 1.854999999999999982e+00
-2.021994009569999662e+01 1.850000000000000089e+00
-2.017994040607999295e+01 1.844999999999999973e+00
-2.009994102683999273e+01 1.840000000000000080e+00
-2.005994133721999617e+01 1.834999999999999964e+00
-2.001994164759999251e+01 1.830000000000000071e+00
-1.997994195797999595e+01 1.824999999999999956e+00
-1.989994257873999572e+01 1.820000000000000062e+00
-1.985994288911999206e+01 1.814999999999999947e+00
-1.977994350987999184e+01 1.810000000000000053e+00
-1.973994382025999528e+01 1.804999999999999938e+00
-1.965994444101999505e+01 1.800000000000000044e+00
-1.961994475139999139e+01 1.794999999999999929e+00
-1.953994537215999117e+01 1.790000000000000036e+00
-1.945994599291999094e+01 1.784999999999999920e+00
-1.937994661367999072e+01 1.780000000000000027e+00
-1.933994692406000127e+01 1.774999999999999911e+00
-1.925994754482000104e+01 1.770000000000000018e+00
-1.917994816558000082e+01 1.764999999999999902e+00
-1.909994878634000059e+01 1.760000000000000009e+00
-1.905994909671998983e+01 1.754999999999999893e+00
-1.893995002786000015e+01 1.750000000000000000e+00
-1.889995033823999648e+01 1.745000000000000107e+00
-1.881995095899999626e+01 1.739999999999999991e+00
-1.873995157975999604e+01 1.735000000000000098e+00
-1.865995220051999581e+01 1.729999999999999982e+00
-1.857995282127999559e+01 1.725000000000000089e+00
-1.849995344203999537e+01 1.719999999999999973e+00
-1.841995406279999514e+01 1.715000000000000080e+00
-1.833995468355999492e+01 1.709999999999999964e+00
-1.821995561469999814e+01 1.705000000000000071e+00
-1.813995623545999791e+01 1.699999999999999956e+00
-1.801995716659999403e+01 1.695000000000000062e+00
-1.797995747697999747e+01 1.689999999999999947e+00
-1.781995871849999702e+01 1.685000000000000053e+00
-1.773995933925999680e+01 1.679999999999999938e+00
-1.761996027039999291e+01 1.675000000000000044e+00
-1.753996089115999268e+01 1.669999999999999929e+00
-1.741996182229999590e+01 1.665000000000000036e+00
-1.733996244305999568e+01 1.659999999999999920e+00
-1.725996306381999545e+01 1.655000000000000027e+00
-1.713996399495999157e+01 1.649999999999999911e+00
-1.705996461571999134e+01 1.645000000000000018e+00
-1.693996554685999456e+01 1.639999999999999902e+00
-1.685996616761999434e+01 1.635000000000000009e+00
-1.673996709875999045e+01 1.629999999999999893e+00
-1.665996771951999023e+01 1.625000000000000000e+00
-1.653996865065999344e+01 1.620000000000000107e+00
-1.645996927141999322e+01 1.614999999999999991e+00
-1.633997020255998933e+01 1.610000000000000098e+00
-1.621997113369999255e+01 1.604999999999999982e+00
-1.609997206483998866e+01 1.600000000000000089e+00
-1.601997268559998844e+01 1.594999999999999973e+00
-1.589997361673999166e+01 1.590000000000000080e+00
-1.577997454788000198e+01 1.584999999999999964e+00
-1.569997516864000175e+01 1.580000000000000071e+00
-1.557997609977999787e+01 1.574999999999999956e+00
-1.549997672053999764e+01 1.570000000000000062e+00
-1.533997796205999720e+01 1.564999999999999947e+00
-1.525997858281999697e+01 1.560000000000000053e+00
-1.517997920357999675e+01 1.554999999999999938e+00
-1.509997982433999653e+01 1.550000000000000044e+00
-1.493998106585999608e+01 1.544999999999999929e+00
-1.485998168661999586e+01 1.540000000000000036e+00
-1.477998230737999563e+01 1.534999999999999920e+00
-1.465998323851999885e+01 1.530000000000000027e+00
-1.457998385927999863e+01 1.524999999999999911e+00
-1.449998448003999840e+01 1.520000000000000018e+00
-1.445998479041999474e+01 1.514999999999999902e+00
-1.437998541117999451e+01 1.510000000000000009e+00
-1.425998634231999773e+01 1.504999999999999893e+00
-1.421998665269999407e+01 1.500000000000000000e+00
-1.413998727345999384e+01 1.495000000000000107e+00
-1.405998789421999362e+01 1.489999999999999991e+00
-1.401998820459999706e+01 1.485000000000000098e+00
-1.393998882535999684e+01 1.479999999999999982e+00
-1.385998944611999661e+01 1.475000000000000089e+00
-1.377999006687999639e+01 1.469999999999999973e+00
-1.373999037725999273e+01 1.465000000000000080e+00
-1.369999068763999617e+01 1.459999999999999964e+00
-1.361999130839999594e+01 1.455000000000000071e+00
-1.353999192915999572e+01 1.449999999999999956e+00
-1.349999223953999206e+01 1.445000000000000062e+00
-1.345999254991999550e+01 1.439999999999999947e+00
-1.337999317067999527e+01 1.435000000000000053e+00
-1.329999379143999505e+01 1.429999999999999938e+00
-1.325999410181999139e+01 1.425000000000000044e+00
-1.317999472257999116e+01 1.419999999999999929e+00
-1.313999503295999460e+01 1.415000000000000036e+00
-1.301999596409999072e+01 1.409999999999999920e+00
-1.297999627447999416e+01 1.405000000000000027e+00
-1.289999689523999393e+01 1.399999999999999911e+00
-1.281999751599999371e+01 1.395000000000000018e+00
-1.273999813675999349e+01 1.389999999999999902e+00
-1.265999875751999326e+01 1.385000000000000009e+00
-1.253999968865998937e+01 1.379999999999999893e+00
-1.246000030941998915e+01 1.375000000000000000e+00
-1.238000093017998893e+01 1.370000000000000107e+00
-1.230000155093998870e+01 1.364999999999999991e+00
-1.222000217169998848e+01 1.360000000000000098e+00
-1.210000310283999880e+01 1.354999999999999982e+00
-1.202000372359999858e+01 1.350000000000000089e+00
-1.186000496511999813e+01 1.344999999999999973e+00
-1.178000558587999791e+01 1.340000000000000080e+00
-1.166000651701999402e+01 1.334999999999999964e+00
-1.154000744815999724e+01 1.330000000000000071e+00
-1.146000806891999702e+01 1.324999999999999956e+00
-1.130000931043999657e+01 1.320000000000000062e+00
-1.122000993119999634e+01 1.314999999999999947e+00
-1.114001055195999612e+01 1.310000000000000053e+00
-1.102001148309999223e+01 1.304999999999999938e+00
-1.090001241423999545e+01 1.300000000000000044e+00
-1.078001334537999867e+01 1.294999999999999929e+00
-1.062001458689999822e+01 1.290000000000000036e+00
-1.058001489727999456e+01 1.284999999999999920e+00
-1.042001613879999411e+01 1.280000000000000027e+00
-1.034001675955999389e+01 1.274999999999999911e+00
-1.018001800107999344e+01 1.270000000000000018e+00
-1.010001862183999322e+01 1.264999999999999902e+00
-9.980019552979996433e+00 1.260000000000000009e+00
-9.820020794499995986e+00 1.254999999999999893e+00
-9.700021725639992098e+00 1.250000000000000000e+00
-9.580022656779995316e+00 1.245000000000000107e+00
-9.460023587919991428e+00 1.239999999999999991e+00
-9.300024829439990981e+00 1.235000000000000098e+00
-9.180025760580001304e+00 1.229999999999999982e+00
-9.020027002100000857e+00 1.225000000000000089e+00
-8.900027933239996969e+00 1.219999999999999973e+00
-8.740029174759996522e+00 1.215000000000000080e+00
-8.620030105899999739e+00 1.209999999999999964e+00
-8.460031347419999292e+00 1.205000000000000071e+00
-8.300032588939998845e+00 1.199999999999999956e+00
-8.180033520079994958e+00 1.195000000000000062e+00
-8.060034451219998175e+00 1.189999999999999947e+00
-7.900035692739997728e+00 1.185000000000000053e+00
-7.740036934259997281e+00 1.179999999999999938e+00
-7.660037555019997058e+00 1.175000000000000044e+00
-7.540038486159993170e+00 1.169999999999999929e+00
-7.380039727679992723e+00 1.165000000000000036e+00
-7.260040658819995940e+00 1.159999999999999920e+00
-7.140041589959992052e+00 1.155000000000000027e+00
-7.020042521099995270e+00 1.149999999999999911e+00
-6.900043452239991382e+00 1.145000000000000018e+00
-6.780044383379994599e+00 1.139999999999999902e+00
-6.660045314519990711e+00 1.135000000000000009e+00
-6.540046245659993929e+00 1.129999999999999893e+00
-6.420047176799990041e+00 1.125000000000000000e+00
-6.300048107939993258e+00 1.120000000000000107e+00
-6.220048728699993035e+00 1.114999999999999991e+00
-6.140049349459992811e+00 1.110000000000000098e+00
-5.980050590979992364e+00 1.104999999999999982e+00
-5.900051211739992141e+00 1.100000000000000089e+00
-5.780052142880002464e+00 1.094999999999999973e+00
-5.700052763640002240e+00 1.090000000000000080e+00
-5.540054005160001793e+00 1.084999999999999964e+00
-5.460054625920001570e+00 1.080000000000000071e+00
-5.340055557059997682e+00 1.074999999999999956e+00
-5.220056488200000899e+00 1.070000000000000062e+00
-5.100057419339997011e+00 1.064999999999999947e+00
-4.980058350480000229e+00 1.060000000000000053e+00
-4.900058971240000005e+00 1.054999999999999938e+00
-4.780059902379996117e+00 1.050000000000000044e+00
-4.660060833519999335e+00 1.044999999999999929e+00
-4.540061764659995447e+00 1.040000000000000036e+00
-4.420062695799998664e+00 1.034999999999999920e+00
-4.260063937319998217e+00 1.030000000000000027e+00
-4.180064558079997994e+00 1.024999999999999911e+00
-4.020065799599997547e+00 1.020000000000000018e+00
-3.940066420359997323e+00 1.014999999999999902e+00
-3.780067661879996876e+00 1.010000000000000009e+00
-3.660068593019992989e+00 1.004999999999999893e+00
-3.500069834539992542e+00 1.000000000000000000e+00
-3.380070765679995759e+00 9.949999999999999956e-01
-3.260071696819991871e+00 9.899999999999999911e-01
-3.100072938339991424e+00 9.849999999999999867e-01
-2.980073869479994642e+00 9.799999999999999822e-01
-2.820075110999994195e+00 9.749999999999999778e-01
-2.700076042139990307e+00 9.699999999999999734e-01
-2.580076973280000630e+00 9.649999999999999689e-01
-2.460077904419989636e+00 9.599999999999999645e-01
-2.300079145939989189e+00 9.549999999999999600e-01
-2.180080077079999512e+00 9.499999999999999556e-01
-2.020081318599999065e+00 9.449999999999999512e-01
-1.900082249739995177e+00 9.399999999999999467e-01
-1.780083180879998395e+00 9.350000000000000533e-01
-1.620084422399997948e+00 9.300000000000000488e-01
-1.500085353539994060e+00 9.250000000000000444e-01
-1.380086284679997277e+00 9.200000000000000400e-01
-1.180087836579993166e+00 9.150000000000000355e-01
-1.060088767719996383e+00 9.100000000000000311e-01
-9.400896988599924953e-01 9.050000000000000266e-01
-7.800909403799991537e-01 9.000000000000000222e-01
-6.200921818999987067e-01 8.950000000000000178e-01
-5.000931130399948188e-01 8.900000000000000133e-01
-3.400943545599943718e-01 8.850000000000000089e-01
-1.800955960799939248e-01 8.800000000000000044e-01
-6.009652721999714231e-02 8.750000000000000000e-01
1.399019208800069691e-01 8.699999999999999956e-01
2.599009897400037516e-01 8.649999999999999911e-01
4.198997482200041986e-01 8.599999999999999867e-01
5.798985067000046456e-01 8.549999999999999822e-01
6.998975755600085336e-01 8.499999999999999778e-01
8.598963340400089805e-01 8.449999999999999734e-01
1.019895092520002322e+00 8.399999999999999689e-01
1.179893851000002769e+00 8.349999999999999645e-01
1.299892919860006657e+00 8.299999999999999600e-01
1.419891988720003440e+00 8.249999999999999556e-01
1.579890747200003887e+00 8.199999999999999512e-01
1.699889816060000669e+00 8.149999999999999467e-01
1.859888574540001116e+00 8.100000000000000533e-01
1.939887953780001340e+00 8.050000000000000488e-01
2.059887022640005227e+00 8.000000000000000444e-01
2.179886091500002010e+00 7.950000000000000400e-01
2.299885160360005898e+00 7.900000000000000355e-01
2.419884229220002680e+00 7.850000000000000311e-01
2.539883298079999463e+00 7.800000000000000266e-01
2.619882677319999686e+00 7.750000000000000222e-01
2.739881746180003574e+00 7.700000000000000178e-01
2.819881125420003798e+00 7.650000000000000133e-01
2.899880504660004021e+00 7.600000000000000089e-01
3.019879573520000804e+00 7.550000000000000044e-01
3.099878952760001027e+00 7.500000000000000000e-01
3.179878332000001251e+00 7.449999999999999956e-01
3.259877711240001474e+00 7.399999999999999911e-01
3.339877090480001698e+00 7.349999999999999867e-01
3.419876469720001921e+00 7.299999999999999822e-01
3.459876159340005586e+00 7.249999999999999778e-01
3.499875848960002145e+00 7.199999999999999734e-01
3.579875228200002368e+00 7.149999999999999689e-01
3.619874917820006033e+00 7.099999999999999645e-01
3.659874607440002592e+00 7.049999999999999600e-01
3.699874297060006256e+00 6.949999999999999512e-01
3.739873986680002815e+00 6.899999999999999467e-01
3.779873676300006480e+00 6.850000000000000533e-01
3.819873365920003039e+00 6.700000000000000400e-01
3.859873055540006703e+00 6.550000000000000266e-01
3.899872745160003262e+00 6.400000000000000133e-01
3.939872434780006927e+00 6.049999999999999822e-01
3.979872124400003486e+00 5.699999999999999512e-01
4.019871814020007150e+00 5.200000000000000178e-01
4.059871503640003709e+00 4.400000000000000022e-01
4.099871193260007374e+00 1.199999999999999956e-01
4.139870882880003933e+00 5.000000000000000104e-03
