1.930750000000000188e+00 0.000000000000000000e+00
1.934850000000000181e+00 2.000000000000000042e-02
1.938850000000000184e+00 4.000000000000000083e-02
1.942700000000000093e+00 5.999999999999999778e-02
1.946600000000000108e+00 8.000000000000000167e-02
1.950450000000000017e+00 1.000000000000000056e-01
1.954500000000000126e+00 1.199999999999999956e-01
1.958350000000000035e+00 1.400000000000000133e-01
1.962050000000000072e+00 1.600000000000000033e-01
1.965650000000000119e+00 1.799999999999999933e-01
1.969300000000000050e+00 2.000000000000000111e-01
1.972950000000000204e+00 2.200000000000000011e-01
1.976750000000000229e+00 2.399999999999999911e-01
1.980550000000000033e+00 2.610000000000000098e-01
1.983750000000000124e+00 2.810000000000000275e-01
1.987100000000000088e+00 3.009999999999999898e-01
1.990400000000000169e+00 3.210000000000000075e-01
1.993850000000000122e+00 3.410000000000000253e-01
1.997200000000000086e+00 3.609999999999999876e-01
2.000500000000000167e+00 3.810000000000000053e-01
2.004100000000000215e+00 4.010000000000000231e-01
2.007249999999999979e+00 4.209999999999999853e-01
2.010450000000000070e+00 4.410000000000000031e-01
2.013600000000000279e+00 4.610000000000000209e-01
2.016850000000000254e+00 4.809999999999999831e-01
2.020250000000000323e+00 5.010000000000000009e-01
2.023400000000000087e+00 5.210000000000000187e-01
2.026600000000000179e+00 5.410000000000000364e-01
2.029500000000000082e+00 5.610000000000000542e-01
2.032450000000000312e+00 5.809999999999999609e-01
2.035350000000000215e+00 6.009999999999999787e-01
2.038300000000000001e+00 6.209999999999999964e-01
2.041349999999999998e+00 6.410000000000000142e-01
2.044200000000000017e+00 6.610000000000000320e-01
2.047250000000000014e+00 6.810000000000000497e-01
2.050149999999999917e+00 7.009999999999999565e-01
2.052999999999999936e+00 7.209999999999999742e-01
2.055900000000000283e+00 7.409999999999999920e-01
2.058750000000000302e+00 7.620000000000000107e-01
2.061600000000000321e+00 7.820000000000000284e-01
2.064500000000000224e+00 8.020000000000000462e-01
2.067450000000000010e+00 8.219999999999999529e-01
2.070050000000000168e+00 8.419999999999999707e-01
2.072799999999999976e+00 8.619999999999999885e-01
2.075500000000000345e+00 8.820000000000000062e-01
2.078100000000000058e+00 9.020000000000000240e-01
2.080750000000000099e+00 9.220000000000000417e-01
2.083400000000000141e+00 9.419999999999999485e-01
2.086050000000000182e+00 9.619999999999999662e-01
2.088600000000000012e+00 9.819999999999999840e-01
2.091350000000000264e+00 1.002000000000000002e+00
2.094000000000000306e+00 1.022000000000000020e+00
2.096650000000000347e+00 1.042000000000000037e+00
2.099250000000000060e+00 1.062000000000000055e+00
2.101850000000000218e+00 1.082000000000000073e+00
2.104400000000000048e+00 1.102000000000000091e+00
2.107050000000000090e+00 1.122000000000000108e+00
2.109550000000000036e+00 1.141999999999999904e+00
2.112049999999999983e+00 1.161999999999999922e+00
2.114650000000000141e+00 1.181999999999999940e+00
2.117050000000000320e+00 1.201999999999999957e+00
2.119600000000000151e+00 1.221999999999999975e+00
2.122000000000000330e+00 1.241999999999999993e+00
2.124550000000000161e+00 1.262999999999999901e+00
2.126900000000000013e+00 1.282999999999999918e+00
2.129250000000000309e+00 1.302999999999999936e+00
2.131800000000000139e+00 1.322999999999999954e+00
2.134250000000000203e+00 1.342999999999999972e+00
2.136750000000000149e+00 1.362999999999999989e+00
2.139100000000000001e+00 1.383000000000000007e+00
2.141550000000000065e+00 1.403000000000000025e+00
2.144050000000000011e+00 1.423000000000000043e+00
2.146500000000000075e+00 1.443000000000000060e+00
2.148950000000000138e+00 1.463000000000000078e+00
2.151400000000000201e+00 1.483000000000000096e+00
2.153750000000000053e+00 1.502999999999999892e+00
2.156100000000000350e+00 1.522999999999999909e+00
2.158500000000000085e+00 1.542999999999999927e+00
2.160849999999999937e+00 1.562999999999999945e+00
2.163150000000000350e+00 1.582999999999999963e+00
2.165500000000000203e+00 1.602999999999999980e+00
2.167750000000000288e+00 1.622999999999999998e+00
2.169999999999999929e+00 1.643000000000000016e+00
2.172150000000000247e+00 1.663000000000000034e+00
2.174450000000000216e+00 1.683000000000000052e+00
2.176750000000000185e+00 1.703000000000000069e+00
2.179000000000000270e+00 1.723000000000000087e+00
2.181350000000000122e+00 1.743000000000000105e+00
2.183600000000000207e+00 1.764000000000000012e+00
2.185900000000000176e+00 1.784000000000000030e+00
2.188150000000000261e+00 1.804000000000000048e+00
2.190400000000000347e+00 1.824000000000000066e+00
2.192600000000000104e+00 1.844000000000000083e+00
2.194850000000000190e+00 1.864000000000000101e+00
2.197100000000000275e+00 1.883999999999999897e+00
2.199149999999999938e+00 1.903999999999999915e+00
2.201500000000000234e+00 1.923999999999999932e+00
2.203550000000000342e+00 1.943999999999999950e+00
2.205700000000000216e+00 1.963999999999999968e+00
2.207800000000000207e+00 1.983999999999999986e+00
2.209900000000000198e+00 2.004000000000000004e+00
2.212000000000000188e+00 2.024000000000000021e+00
2.214100000000000179e+00 2.044000000000000039e+00
2.216250000000000053e+00 2.064000000000000057e+00
2.218350000000000044e+00 2.084000000000000075e+00
2.220499999999999918e+00 2.104000000000000092e+00
2.222600000000000353e+00 2.124000000000000110e+00
2.224750000000000227e+00 2.144000000000000128e+00
2.226949999999999985e+00 2.164000000000000146e+00
2.229049999999999976e+00 2.184000000000000163e+00
2.231250000000000178e+00 2.204000000000000181e+00
2.233350000000000168e+00 2.224000000000000199e+00
2.235600000000000254e+00 2.244000000000000217e+00
2.237700000000000244e+00 2.265000000000000124e+00
2.239900000000000002e+00 2.285000000000000142e+00
2.241950000000000109e+00 2.305000000000000160e+00
2.243950000000000333e+00 2.325000000000000178e+00
2.246050000000000324e+00 2.345000000000000195e+00
2.248050000000000104e+00 2.365000000000000213e+00
2.250100000000000211e+00 2.384999999999999787e+00
2.252150000000000318e+00 2.404999999999999805e+00
2.254150000000000098e+00 2.424999999999999822e+00
2.256200000000000205e+00 2.444999999999999840e+00
2.258250000000000313e+00 2.464999999999999858e+00
2.260250000000000092e+00 2.484999999999999876e+00
2.262300000000000200e+00 2.504999999999999893e+00
2.264299999999999979e+00 2.524999999999999911e+00
2.266399999999999970e+00 2.544999999999999929e+00
2.268499999999999961e+00 2.564999999999999947e+00
2.270450000000000301e+00 2.584999999999999964e+00
2.272600000000000176e+00 2.604999999999999982e+00
2.274599999999999955e+00 2.625000000000000000e+00
2.276650000000000063e+00 2.645000000000000018e+00
2.278799999999999937e+00 2.665000000000000036e+00
2.280850000000000044e+00 2.685000000000000053e+00
2.282900000000000151e+00 2.705000000000000071e+00
2.284899999999999931e+00 2.725000000000000089e+00
2.286950000000000038e+00 2.745000000000000107e+00
2.288899999999999935e+00 2.766000000000000014e+00
2.290799999999999947e+00 2.786000000000000032e+00
2.292800000000000171e+00 2.806000000000000050e+00
2.294700000000000184e+00 2.826000000000000068e+00
2.296699999999999964e+00 2.846000000000000085e+00
2.298650000000000304e+00 2.866000000000000103e+00
2.300650000000000084e+00 2.886000000000000121e+00
2.302500000000000213e+00 2.906000000000000139e+00
2.304499999999999993e+00 2.926000000000000156e+00
2.306400000000000006e+00 2.946000000000000174e+00
2.308250000000000135e+00 2.966000000000000192e+00
2.310200000000000031e+00 2.986000000000000210e+00
2.312100000000000044e+00 3.005999999999999783e+00
2.314150000000000151e+00 3.025999999999999801e+00
2.316100000000000048e+00 3.045999999999999819e+00
2.318049999999999944e+00 3.065999999999999837e+00
2.319949999999999957e+00 3.085999999999999854e+00
2.322000000000000064e+00 3.105999999999999872e+00
2.323949999999999960e+00 3.125999999999999890e+00
2.325950000000000184e+00 3.145999999999999908e+00
2.327800000000000313e+00 3.165999999999999925e+00
2.329750000000000210e+00 3.185999999999999943e+00
2.331650000000000222e+00 3.205999999999999961e+00
2.333550000000000235e+00 3.225999999999999979e+00
2.335400000000000365e+00 3.245999999999999996e+00
2.337250000000000050e+00 3.266999999999999904e+00
2.339150000000000063e+00 3.286999999999999922e+00
2.341000000000000192e+00 3.306999999999999940e+00
2.342850000000000321e+00 3.326999999999999957e+00
2.344700000000000006e+00 3.346999999999999975e+00
2.346550000000000136e+00 3.366999999999999993e+00
2.348400000000000265e+00 3.387000000000000011e+00
2.350200000000000067e+00 3.407000000000000028e+00
2.352100000000000080e+00 3.427000000000000046e+00
2.353950000000000209e+00 3.447000000000000064e+00
2.355850000000000222e+00 3.467000000000000082e+00
2.357850000000000001e+00 3.487000000000000099e+00
2.359650000000000247e+00 3.507000000000000117e+00
2.361650000000000027e+00 3.527000000000000135e+00
2.363650000000000251e+00 3.547000000000000153e+00
2.365550000000000264e+00 3.567000000000000171e+00
2.367450000000000276e+00 3.587000000000000188e+00
2.369400000000000173e+00 3.607000000000000206e+00
2.371250000000000302e+00 3.626999999999999780e+00
2.373200000000000198e+00 3.646999999999999797e+00
2.375050000000000328e+00 3.666999999999999815e+00
2.376950000000000340e+00 3.686999999999999833e+00
2.378800000000000026e+00 3.706999999999999851e+00
2.380700000000000038e+00 3.726999999999999869e+00
2.382500000000000284e+00 3.746999999999999886e+00
2.384400000000000297e+00 3.767999999999999794e+00
2.386150000000000215e+00 3.787999999999999812e+00
2.388000000000000345e+00 3.807999999999999829e+00
2.389800000000000146e+00 3.827999999999999847e+00
2.391700000000000159e+00 3.847999999999999865e+00
2.393550000000000288e+00 3.867999999999999883e+00
2.395300000000000207e+00 3.887999999999999901e+00
2.397200000000000220e+00 3.907999999999999918e+00
2.399100000000000232e+00 3.927999999999999936e+00
2.400900000000000034e+00 3.947999999999999954e+00
2.402800000000000047e+00 3.967999999999999972e+00
2.404700000000000060e+00 3.987999999999999989e+00
2.406550000000000189e+00 4.008000000000000007e+00
2.408450000000000202e+00 4.027999999999999581e+00
2.410449999999999982e+00 4.048000000000000043e+00
2.412349999999999994e+00 4.067999999999999616e+00
2.414200000000000124e+00 4.088000000000000078e+00
2.416100000000000136e+00 4.107999999999999652e+00
2.417950000000000266e+00 4.128000000000000114e+00
2.419850000000000279e+00 4.147999999999999687e+00
2.421699999999999964e+00 4.168000000000000149e+00
2.423599999999999977e+00 4.187999999999999723e+00
2.425400000000000222e+00 4.208000000000000185e+00
2.427250000000000352e+00 4.227999999999999758e+00
2.429100000000000037e+00 4.248000000000000220e+00
2.430900000000000283e+00 4.269000000000000128e+00
2.432700000000000085e+00 4.288999999999999702e+00
2.434500000000000330e+00 4.309000000000000163e+00
2.436300000000000132e+00 4.328999999999999737e+00
2.438050000000000050e+00 4.349000000000000199e+00
2.439900000000000180e+00 4.368999999999999773e+00
2.441800000000000193e+00 4.389000000000000234e+00
2.443650000000000322e+00 4.408999999999999808e+00
2.445450000000000124e+00 4.429000000000000270e+00
2.447400000000000020e+00 4.448999999999999844e+00
2.449300000000000033e+00 4.469000000000000306e+00
2.451300000000000257e+00 4.488999999999999879e+00
2.453200000000000269e+00 4.509000000000000341e+00
2.455150000000000166e+00 4.528999999999999915e+00
2.457050000000000178e+00 4.549000000000000377e+00
2.458950000000000191e+00 4.568999999999999950e+00
2.460949999999999971e+00 4.589000000000000412e+00
2.462800000000000100e+00 4.608999999999999986e+00
2.464749999999999996e+00 4.628999999999999559e+00
2.466600000000000126e+00 4.649000000000000021e+00
2.468450000000000255e+00 4.668999999999999595e+00
2.470299999999999940e+00 4.689000000000000057e+00
2.472100000000000186e+00 4.708999999999999631e+00
2.473950000000000315e+00 4.729000000000000092e+00
2.475800000000000001e+00 4.748999999999999666e+00
2.477550000000000363e+00 4.769999999999999574e+00
2.479350000000000165e+00 4.790000000000000036e+00
2.481149999999999967e+00 4.809999999999999609e+00
2.483049999999999979e+00 4.830000000000000071e+00
2.484850000000000225e+00 4.849999999999999645e+00
2.486650000000000027e+00 4.870000000000000107e+00
2.488550000000000040e+00 4.889999999999999680e+00
2.490450000000000053e+00 4.910000000000000142e+00
2.492350000000000065e+00 4.929999999999999716e+00
2.494250000000000078e+00 4.950000000000000178e+00
2.496150000000000091e+00 4.969999999999999751e+00
2.498099999999999987e+00 4.990000000000000213e+00
2.500000000000000000e+00 5.009999999999999787e+00
2.501950000000000340e+00 5.030000000000000249e+00
2.503850000000000353e+00 5.049999999999999822e+00
2.505750000000000366e+00 5.070000000000000284e+00
2.507700000000000262e+00 5.089999999999999858e+00
2.509549999999999947e+00 5.110000000000000320e+00
2.511500000000000288e+00 5.129999999999999893e+00
2.513300000000000090e+00 5.150000000000000355e+00
2.515150000000000219e+00 5.169999999999999929e+00
2.516950000000000021e+00 5.190000000000000391e+00
2.518750000000000266e+00 5.209999999999999964e+00
2.520500000000000185e+00 5.230000000000000426e+00
2.522400000000000198e+00 5.251000000000000334e+00
2.524150000000000116e+00 5.270999999999999908e+00
2.525950000000000362e+00 5.291000000000000369e+00
2.527700000000000280e+00 5.310999999999999943e+00
2.529500000000000082e+00 5.331000000000000405e+00
2.531400000000000095e+00 5.350999999999999979e+00
2.533200000000000340e+00 5.371000000000000441e+00
2.535050000000000026e+00 5.391000000000000014e+00
2.537000000000000366e+00 5.410999999999999588e+00
2.538850000000000051e+00 5.431000000000000050e+00
2.540799999999999947e+00 5.450999999999999623e+00
2.542600000000000193e+00 5.471000000000000085e+00
2.544550000000000090e+00 5.490999999999999659e+00
2.546600000000000197e+00 5.511000000000000121e+00
2.548500000000000210e+00 5.530999999999999694e+00
2.550450000000000106e+00 5.551000000000000156e+00
2.552300000000000235e+00 5.570999999999999730e+00
2.554050000000000153e+00 5.591000000000000192e+00
2.556100000000000261e+00 5.610999999999999766e+00
2.557900000000000063e+00 5.631000000000000227e+00
2.559700000000000308e+00 5.650999999999999801e+00
2.561400000000000343e+00 5.671000000000000263e+00
2.563250000000000028e+00 5.690999999999999837e+00
2.565050000000000274e+00 5.711000000000000298e+00
2.566850000000000076e+00 5.730999999999999872e+00
2.568599999999999994e+00 5.751999999999999780e+00
2.570400000000000240e+00 5.772000000000000242e+00
2.572200000000000042e+00 5.791999999999999815e+00
2.574050000000000171e+00 5.812000000000000277e+00
2.575900000000000301e+00 5.831999999999999851e+00
2.577749999999999986e+00 5.852000000000000313e+00
2.579649999999999999e+00 5.871999999999999886e+00
2.581550000000000011e+00 5.892000000000000348e+00
2.583400000000000141e+00 5.911999999999999922e+00
2.585350000000000037e+00 5.932000000000000384e+00
2.587250000000000050e+00 5.951999999999999957e+00
2.589150000000000063e+00 5.972000000000000419e+00
2.591050000000000075e+00 5.991999999999999993e+00
2.592900000000000205e+00 6.011999999999999567e+00
2.594800000000000217e+00 6.032000000000000028e+00
2.596650000000000347e+00 6.051999999999999602e+00
2.598600000000000243e+00 6.072000000000000064e+00
2.600350000000000161e+00 6.091999999999999638e+00
2.602149999999999963e+00 6.112000000000000099e+00
2.604049999999999976e+00 6.131999999999999673e+00
2.605850000000000222e+00 6.152000000000000135e+00
2.607600000000000140e+00 6.171999999999999709e+00
2.609399999999999942e+00 6.192000000000000171e+00
2.611150000000000304e+00 6.211999999999999744e+00
2.612950000000000106e+00 6.232000000000000206e+00
2.614800000000000235e+00 6.253000000000000114e+00
2.616550000000000153e+00 6.272999999999999687e+00
2.618450000000000166e+00 6.293000000000000149e+00
2.620300000000000296e+00 6.312999999999999723e+00
2.622100000000000097e+00 6.333000000000000185e+00
2.624000000000000110e+00 6.352999999999999758e+00
2.625950000000000006e+00 6.373000000000000220e+00
2.627900000000000347e+00 6.392999999999999794e+00
2.629900000000000126e+00 6.413000000000000256e+00
2.631800000000000139e+00 6.432999999999999829e+00
2.633800000000000363e+00 6.453000000000000291e+00
2.635750000000000259e+00 6.472999999999999865e+00
2.637650000000000272e+00 6.493000000000000327e+00
2.639550000000000285e+00 6.512999999999999901e+00
2.641500000000000181e+00 6.533000000000000362e+00
2.643450000000000077e+00 6.552999999999999936e+00
2.645350000000000090e+00 6.573000000000000398e+00
2.647200000000000220e+00 6.592999999999999972e+00
2.649000000000000021e+00 6.613000000000000433e+00
2.650900000000000034e+00 6.633000000000000007e+00
2.652649999999999952e+00 6.652999999999999581e+00
2.654500000000000082e+00 6.673000000000000043e+00
2.656350000000000211e+00 6.692999999999999616e+00
2.658150000000000013e+00 6.713000000000000078e+00
2.659950000000000259e+00 6.732999999999999652e+00
2.661950000000000038e+00 6.753999999999999559e+00
2.663850000000000051e+00 6.774000000000000021e+00
2.665750000000000064e+00 6.793999999999999595e+00
2.667650000000000077e+00 6.814000000000000057e+00
2.669650000000000301e+00 6.833999999999999631e+00
2.671650000000000080e+00 6.854000000000000092e+00
2.673599999999999977e+00 6.873999999999999666e+00
2.675650000000000084e+00 6.894000000000000128e+00
2.677650000000000308e+00 6.913999999999999702e+00
2.679699999999999971e+00 6.934000000000000163e+00
2.681700000000000195e+00 6.953999999999999737e+00
2.683600000000000207e+00 6.974000000000000199e+00
2.685450000000000337e+00 6.993999999999999773e+00
2.687400000000000233e+00 7.014000000000000234e+00
2.689200000000000035e+00 7.033999999999999808e+00
2.691100000000000048e+00 7.054000000000000270e+00
2.692950000000000177e+00 7.073999999999999844e+00
2.694800000000000306e+00 7.094000000000000306e+00
2.696600000000000108e+00 7.113999999999999879e+00
2.698400000000000354e+00 7.134000000000000341e+00
2.700100000000000389e+00 7.153999999999999915e+00
2.702050000000000285e+00 7.174000000000000377e+00
2.703899999999999970e+00 7.193999999999999950e+00
2.705700000000000216e+00 7.214000000000000412e+00
2.707650000000000112e+00 7.233999999999999986e+00
2.709500000000000242e+00 7.254999999999999893e+00
2.711400000000000254e+00 7.275000000000000355e+00
2.713250000000000384e+00 7.294999999999999929e+00
2.715250000000000163e+00 7.315000000000000391e+00
2.717200000000000060e+00 7.334999999999999964e+00
2.719100000000000072e+00 7.355000000000000426e+00
2.721100000000000296e+00 7.375000000000000000e+00
2.723050000000000193e+00 7.394999999999999574e+00
2.725049999999999972e+00 7.415000000000000036e+00
2.727000000000000313e+00 7.434999999999999609e+00
2.728849999999999998e+00 7.455000000000000071e+00
2.730750000000000011e+00 7.474999999999999645e+00
2.732650000000000023e+00 7.495000000000000107e+00
2.734500000000000153e+00 7.514999999999999680e+00
2.736299999999999955e+00 7.535000000000000142e+00
2.738100000000000200e+00 7.554999999999999716e+00
2.739850000000000119e+00 7.575000000000000178e+00
2.741650000000000365e+00 7.594999999999999751e+00
2.743349999999999955e+00 7.615000000000000213e+00
2.745150000000000201e+00 7.634999999999999787e+00
2.746900000000000119e+00 7.655000000000000249e+00
2.748700000000000365e+00 7.674999999999999822e+00
2.750500000000000167e+00 7.695000000000000284e+00
2.752350000000000296e+00 7.714999999999999858e+00
2.754199999999999982e+00 7.735000000000000320e+00
2.756099999999999994e+00 7.756000000000000227e+00
2.757900000000000240e+00 7.775999999999999801e+00
2.759900000000000020e+00 7.796000000000000263e+00
2.761750000000000149e+00 7.815999999999999837e+00
2.763700000000000045e+00 7.836000000000000298e+00
2.765650000000000386e+00 7.855999999999999872e+00
2.767650000000000166e+00 7.876000000000000334e+00
2.769550000000000178e+00 7.895999999999999908e+00
2.771450000000000191e+00 7.916000000000000369e+00
2.773350000000000204e+00 7.935999999999999943e+00
2.775200000000000333e+00 7.956000000000000405e+00
2.777050000000000018e+00 7.975999999999999979e+00
2.778800000000000381e+00 7.996000000000000441e+00
2.780650000000000066e+00 8.016000000000000014e+00
2.782450000000000312e+00 8.035999999999999588e+00
2.784150000000000347e+00 8.055999999999999162e+00
2.785950000000000149e+00 8.076000000000000512e+00
2.787650000000000183e+00 8.096000000000000085e+00
2.789500000000000313e+00 8.115999999999999659e+00
2.791250000000000231e+00 8.135999999999999233e+00
2.793000000000000149e+00 8.156000000000000583e+00
2.794850000000000279e+00 8.176000000000000156e+00
2.796699999999999964e+00 8.195999999999999730e+00
2.798550000000000093e+00 8.215999999999999304e+00
2.800400000000000222e+00 8.236000000000000654e+00
2.802300000000000235e+00 8.256999999999999673e+00
2.804200000000000248e+00 8.276999999999999247e+00
2.806100000000000261e+00 8.297000000000000597e+00
2.808100000000000041e+00 8.317000000000000171e+00
2.810050000000000381e+00 8.336999999999999744e+00
2.811900000000000066e+00 8.356999999999999318e+00
2.813900000000000290e+00 8.377000000000000668e+00
2.815850000000000186e+00 8.397000000000000242e+00
2.817800000000000082e+00 8.416999999999999815e+00
2.819650000000000212e+00 8.436999999999999389e+00
2.821550000000000225e+00 8.457000000000000739e+00
2.823350000000000026e+00 8.477000000000000313e+00
2.825150000000000272e+00 8.496999999999999886e+00
2.826900000000000190e+00 8.516999999999999460e+00
2.828699999999999992e+00 8.537000000000000810e+00
2.830450000000000355e+00 8.557000000000000384e+00
2.832250000000000156e+00 8.576999999999999957e+00
2.834100000000000286e+00 8.596999999999999531e+00
2.835749999999999993e+00 8.617000000000000881e+00
2.837600000000000122e+00 8.637000000000000455e+00
2.839450000000000252e+00 8.657000000000000028e+00
2.841300000000000381e+00 8.676999999999999602e+00
2.843150000000000066e+00 8.696999999999999176e+00
2.845050000000000079e+00 8.717000000000000526e+00
2.846950000000000092e+00 8.737000000000000099e+00
2.849000000000000199e+00 8.757999999999999119e+00
2.850900000000000212e+00 8.778000000000000469e+00
2.852850000000000108e+00 8.798000000000000043e+00
2.854800000000000004e+00 8.817999999999999616e+00
2.856700000000000017e+00 8.837999999999999190e+00
2.858600000000000030e+00 8.858000000000000540e+00
2.860550000000000370e+00 8.878000000000000114e+00
2.862400000000000055e+00 8.897999999999999687e+00
2.864200000000000301e+00 8.917999999999999261e+00
2.866049999999999986e+00 8.938000000000000611e+00
2.867850000000000232e+00 8.958000000000000185e+00
2.869550000000000267e+00 8.977999999999999758e+00
2.871300000000000185e+00 8.997999999999999332e+00
2.873099999999999987e+00 9.018000000000000682e+00
2.874750000000000139e+00 9.038000000000000256e+00
2.876450000000000173e+00 9.057999999999999829e+00
2.878150000000000208e+00 9.077999999999999403e+00
2.879900000000000126e+00 9.098000000000000753e+00
2.881700000000000372e+00 9.118000000000000327e+00
2.883500000000000174e+00 9.137999999999999901e+00
2.885299999999999976e+00 9.157999999999999474e+00
2.887100000000000222e+00 9.178000000000000824e+00
2.888950000000000351e+00 9.198000000000000398e+00
2.890850000000000364e+00 9.217999999999999972e+00
2.892750000000000377e+00 9.237999999999999545e+00
2.894600000000000062e+00 9.259000000000000341e+00
2.896400000000000308e+00 9.278999999999999915e+00
2.898350000000000204e+00 9.298999999999999488e+00
2.900200000000000333e+00 9.319000000000000838e+00
2.902050000000000018e+00 9.339000000000000412e+00
2.903900000000000148e+00 9.358999999999999986e+00
2.905750000000000277e+00 9.378999999999999559e+00
2.907450000000000312e+00 9.398999999999999133e+00
2.909250000000000114e+00 9.419000000000000483e+00
2.911000000000000032e+00 9.439000000000000057e+00
2.912700000000000067e+00 9.458999999999999631e+00
2.914449999999999985e+00 9.478999999999999204e+00
2.916150000000000020e+00 9.499000000000000554e+00
2.917850000000000055e+00 9.519000000000000128e+00
2.919500000000000206e+00 9.538999999999999702e+00
2.921200000000000241e+00 9.558999999999999275e+00
2.922900000000000276e+00 9.579000000000000625e+00
2.924650000000000194e+00 9.599000000000000199e+00
2.926300000000000345e+00 9.618999999999999773e+00
2.928200000000000358e+00 9.638999999999999346e+00
2.929900000000000393e+00 9.659000000000000696e+00
2.931700000000000195e+00 9.679000000000000270e+00
2.933550000000000324e+00 9.698999999999999844e+00
2.935450000000000337e+00 9.718999999999999417e+00
2.937350000000000350e+00 9.739000000000000767e+00
2.939300000000000246e+00 9.759999999999999787e+00
2.941150000000000375e+00 9.779999999999999361e+00
2.943000000000000060e+00 9.800000000000000711e+00
2.944850000000000190e+00 9.820000000000000284e+00
2.946700000000000319e+00 9.839999999999999858e+00
2.948550000000000004e+00 9.859999999999999432e+00
2.950350000000000250e+00 9.880000000000000782e+00
2.952100000000000168e+00 9.900000000000000355e+00
2.953850000000000087e+00 9.919999999999999929e+00
2.955650000000000333e+00 9.939999999999999503e+00
2.957300000000000040e+00 9.960000000000000853e+00
2.958950000000000191e+00 9.980000000000000426e+00
2.960650000000000226e+00 1.000000000000000000e+01
